0 0.480417 0.714196 0.015833 0.018762
0 0.371667 0.712320 0.018333 0.026266
0 0.419167 0.714196 0.011667 0.027517
0 0.615000 0.651970 0.016667 0.021889
0 0.390833 0.654472 0.028333 0.014384
0 0.390417 0.814572 0.019167 0.015635
0 0.388333 0.359287 0.016667 0.020638
0 0.612083 0.800188 0.079167 0.079425
0 0.587083 0.751407 0.032500 0.013133
0 0.364583 0.731395 0.022500 0.023139
0 0.463750 0.655410 0.015833 0.038774
0 0.372083 0.308318 0.022500 0.040025
0 0.605833 0.357411 0.021667 0.025641
0 0.609583 0.723890 0.015833 0.040650
0 0.637917 0.189493 0.022500 0.040025
0 0.359583 0.265791 0.020833 0.040025
0 0.495000 0.801751 0.043333 0.028768
0 0.612500 0.589118 0.031667 0.100063
0 0.466250 0.508755 0.192500 0.639775
