0 0.6306666666666667 0.5038910505836576 0.11466666666666667 0.3151750972762646
0 0.9066666666666666 0.5175097276264592 0.128 0.3346303501945525
0 0.37333333333333335 0.5038910505836576 0.112 0.30739299610894943
0 0.5386666666666666 0.5758754863813229 0.07466666666666667 0.16342412451361868
0 0.4653333333333333 0.5778210116731517 0.072 0.15953307392996108
0 0.8146666666666667 0.6070038910505836 0.08266666666666667 0.17898832684824903
0 0.068 0.6498054474708171 0.088 0.17120622568093385
0 0.304 0.603112840466926 0.08 0.17120622568093385
0 0.156 0.6498054474708171 0.088 0.17120622568093385
0 0.224 0.6147859922178989 0.08533333333333333 0.17898832684824903
0 0.7733333333333333 0.5408560311284046 0.16533333333333333 0.28793774319066145