0 0.82 0.3463035019455253 0.12533333333333332 0.22568093385214008
0 0.8866666666666667 0.6595330739299611 0.12533333333333332 0.22957198443579765
0 0.7466666666666667 0.6614785992217899 0.128 0.23346303501945526
0 0.6786666666666666 0.35019455252918286 0.12533333333333332 0.23346303501945526
0 0.38533333333333336 0.3521400778210117 0.12533333333333332 0.22957198443579765
0 0.24 0.3521400778210117 0.12266666666666666 0.22957198443579765
0 0.17333333333333334 0.6614785992217899 0.128 0.23346303501945526
0 0.5266666666666666 0.34824902723735407 0.12533333333333332 0.22957198443579765
0 0.09333333333333334 0.3521400778210117 0.12266666666666666 0.22957198443579765
0 0.464 0.6634241245136187 0.12266666666666666 0.22957198443579765
0 0.31466666666666665 0.6595330739299611 0.128 0.22957198443579765
0 0.6 0.6614785992217899 0.12266666666666666 0.22568093385214008