0 0.8733333333333333 0.3657587548638132 0.10933333333333334 0.24124513618677043
0 0.24533333333333332 0.3657587548638132 0.112 0.24124513618677043
0 0.24933333333333332 0.6342412451361867 0.10933333333333334 0.24124513618677043
0 0.7653333333333333 0.6342412451361867 0.112 0.24124513618677043
0 0.6253333333333333 0.3657587548638132 0.10933333333333334 0.24124513618677043
0 0.6426666666666667 0.6361867704280155 0.112 0.245136186770428
0 0.508 0.632295719844358 0.10933333333333334 0.23735408560311283
0 0.384 0.6361867704280155 0.112 0.23735408560311283
0 0.5 0.3657587548638132 0.10933333333333334 0.24124513618677043
0 0.368 0.3638132295719844 0.112 0.23735408560311283
0 0.7506666666666667 0.3657587548638132 0.10933333333333334 0.24124513618677043
0 0.124 0.632295719844358 0.10933333333333334 0.23735408560311283