5 0.82875 0.5283333333333333 0.828125 0.5383333333333333 0.83 0.5358333333333334
5 0.56 0.5533333333333333 0.56 0.5608333333333333 0.56375 0.5641666666666667 0.56375 0.5516666666666666
5 0.569375 0.5675 0.570625 0.5725 0.574375 0.5675
5 0.584375 0.5741666666666667 0.581875 0.5775 0.58375 0.5791666666666667 0.585625 0.5783333333333334
5 0.646875 0.5316666666666666 0.6575 0.5325 0.654375 0.53
5 0.7425 0.5191666666666667 0.738125 0.5216666666666666 0.744375 0.5225 0.745625 0.5191666666666667
5 0.68875 0.5708333333333333 0.68625 0.5741666666666667 0.688125 0.5808333333333333 0.69125 0.5791666666666667 0.69375 0.5816666666666667
5 0.70375 0.5866666666666667 0.695625 0.5883333333333334 0.7 0.5908333333333333 0.704375 0.5891666666666666
5 0.1775 0.6075 0.176875 0.61 0.18125 0.6108333333333333 0.188125 0.6091666666666666
5 0.496875 0.6075 0.498125 0.61 0.505625 0.6083333333333333 0.503125 0.6058333333333333
5 0.763125 0.5491666666666667 0.761875 0.5541666666666667 0.765625 0.5575 0.765625 0.5475
5 0.775625 0.5483333333333333 0.775 0.5541666666666667 0.77875 0.5541666666666667 0.779375 0.5491666666666667
5 0.291875 0.6425 0.285625 0.6433333333333333 0.293125 0.6541666666666667 0.294375 0.65 0.291875 0.6466666666666666 0.294375 0.6433333333333333
5 0.27875 0.65 0.27375 0.6508333333333334 0.281875 0.655 0.2825 0.6508333333333334
5 0.19875 0.36583333333333334 0.199375 0.37166666666666665 0.2075 0.3641666666666667
5 0.685625 0.555 0.685 0.5591666666666667 0.6925 0.56 0.695 0.5566666666666666
5 0.36875 0.6275 0.368125 0.63 0.38 0.63 0.376875 0.6258333333333334
5 0.846875 0.5741666666666667 0.8425 0.5775 0.845 0.5825 0.8525 0.5741666666666667
5 0.38 0.5766666666666667 0.376875 0.58 0.373125 0.5783333333333334 0.373125 0.5808333333333333 0.380625 0.5833333333333334 0.385625 0.5783333333333334
5 0.41 0.5608333333333333 0.408125 0.5633333333333334 0.41 0.5658333333333333 0.425 0.5641666666666667
5 0.578125 0.5383333333333333 0.576875 0.54 0.58 0.5433333333333333 0.588125 0.5425 0.5825 0.5366666666666666
5 0.4325 0.61 0.430625 0.6125 0.4325 0.6158333333333333 0.44 0.6158333333333333 0.43875 0.6091666666666666
5 0.511875 0.5491666666666667 0.52375 0.5516666666666666 0.53625 0.55 0.53625 0.5475
5 0.21625 0.65 0.215 0.6533333333333333 0.2375 0.655 0.235625 0.6516666666666666
5 0.34 0.5733333333333334 0.344375 0.575 0.3525 0.5875 0.356875 0.5858333333333333 0.356875 0.58 0.36 0.575 0.356875 0.5725 0.356875 0.5675 0.348125 0.5741666666666667
5 0.66125 0.5716666666666667 0.66 0.5758333333333333 0.645625 0.5883333333333334 0.65875 0.5883333333333334 0.666875 0.5833333333333334 0.665 0.5741666666666667