1 0.47333333333333333 0.706066291432145 0.4725 0.7135709818636647 0.4791666666666667 0.7185741088180112 0.48 0.7235772357723578 0.48833333333333334 0.7135709818636647 0.48083333333333333 0.7048155096935584
1 0.3675 0.6991869918699187 0.3625 0.7135709818636647 0.36833333333333335 0.7135709818636647 0.37333333333333335 0.7254534083802376 0.37333333333333335 0.7141963727329581 0.38083333333333336 0.7098186366479049 0.375 0.7085678549093183 0.37166666666666665 0.7048155096935584 0.3725 0.7004377736085053
1 0.4141666666666667 0.7004377736085053 0.41333333333333333 0.7054409005628518 0.4166666666666667 0.7091932457786116 0.4141666666666667 0.7235772357723578 0.41833333333333333 0.7279549718574109 0.425 0.724202626641651 0.425 0.7191994996873046 0.42 0.7135709818636647 0.4225 0.7023139462163852 0.4216666666666667 0.7004377736085053
1 0.6075 0.649155722326454 0.6066666666666667 0.6579111944965603 0.6108333333333333 0.6629143214509068 0.615 0.6585365853658537 0.615 0.6522826766729206 0.6233333333333333 0.651031894934334 0.6191666666666666 0.6410256410256411 0.6125 0.6410256410256411
1 0.37833333333333335 0.6529080675422139 0.37666666666666665 0.6610381488430269 0.3908333333333333 0.6585365853658537 0.3933333333333333 0.6616635397123202 0.405 0.6610381488430269 0.3875 0.6472795497185742
1 0.38083333333333336 0.8086303939962477 0.38666666666666666 0.8211382113821138 0.39416666666666667 0.8223889931207005 0.4 0.8205128205128205 0.3975 0.8067542213883677
1 0.38 0.34896810506566606 0.38333333333333336 0.3696060037523452 0.39 0.3696060037523452 0.3908333333333333 0.36522826766729205 0.39666666666666667 0.36397748592870544 0.39666666666666667 0.35522201375859913 0.3933333333333333 0.3514696685428393
1 0.5775 0.7848655409631019 0.585 0.8017510944340213 0.585 0.8161350844277674 0.5808333333333333 0.817385866166354 0.5725 0.8317698561601 0.5733333333333334 0.8398999374609131 0.575 0.8342714196372732 0.5808333333333333 0.8317698561601 0.585 0.8348968105065666 0.5916666666666667 0.83364602876798 0.5933333333333334 0.8273921200750469 0.6091666666666666 0.817385866166354 0.6241666666666666 0.8248905565978737 0.6225 0.8286429018136335 0.6366666666666667 0.8236397748592871 0.64 0.8267667292057536 0.6466666666666666 0.8236397748592871 0.6516666666666666 0.817385866166354 0.6408333333333334 0.8136335209505942 0.6391666666666667 0.8098811757348343 0.6483333333333333 0.7979987492182614 0.64 0.7848655409631019 0.6441666666666667 0.7792370231394622 0.6416666666666667 0.7686053783614759 0.6333333333333333 0.760475297060663 0.6266666666666667 0.7723577235772358 0.6075 0.7823639774859287 0.595 0.7817385866166354 0.5875 0.7761100687929956 0.5858333333333333 0.7811131957473421
1 0.5708333333333333 0.7492182614133833 0.5708333333333333 0.7554721701063164 0.585 0.7548467792370231 0.5891666666666666 0.756722951844903 0.5941666666666666 0.7529706066291432 0.5983333333333334 0.7579737335834896 0.6033333333333334 0.7548467792370231 0.6025 0.7498436522826767 0.5916666666666667 0.7448405253283302
1 0.35333333333333333 0.7248280175109444 0.3575 0.7367104440275172 0.37 0.7429643527204502 0.37583333333333335 0.734208880550344 0.37333333333333335 0.7292057535959975 0.3625 0.7223264540337712 0.3625 0.7198248905565978
1 0.45666666666666667 0.6466541588492808 0.4558333333333333 0.6610381488430269 0.465 0.6747967479674797 0.4716666666666667 0.6610381488430269 0.4666666666666667 0.6410256410256411 0.4625 0.6360225140712945
1 0.3625 0.2883051907442151 0.36083333333333334 0.2970606629143214 0.3675 0.30143839899937463 0.3641666666666667 0.31019387116948094 0.3775 0.32020012507817386 0.38333333333333336 0.32833020637898686 0.38333333333333336 0.3058161350844278 0.38 0.3051907442151345 0.37666666666666665 0.29768605378361473
1 0.5983333333333334 0.3452157598499062 0.5983333333333334 0.3539712320200125 0.595 0.35522201375859913 0.5983333333333334 0.367104440275172 0.6016666666666667 0.3702313946216385 0.605 0.36647904940587867 0.6158333333333333 0.3677298311444653 0.6166666666666667 0.35021888680425267 0.6091666666666666 0.3445903689806129
1 0.6033333333333334 0.7054409005628518 0.6016666666666667 0.724202626641651 0.605 0.7248280175109444 0.605 0.7323327079424641 0.6016666666666667 0.7379612257661038 0.6091666666666666 0.7442151344590369 0.615 0.7435897435897436 0.6175 0.7335834896810507 0.6141666666666666 0.7129455909943715 0.61 0.7048155096935584 0.6058333333333333 0.7035647279549718
1 0.6266666666666667 0.18386491557223264 0.6291666666666667 0.19699812382739212 0.6408333333333334 0.20637898686679174 0.6408333333333334 0.20950594121325827 0.6441666666666667 0.20637898686679174 0.6458333333333334 0.19074421513445905 0.64 0.18511569731081925 0.6491666666666667 0.17886178861788618 0.6475 0.1726078799249531 0.6408333333333334 0.16948092557848654 0.6375 0.17073170731707318
1 0.355 0.24577861163227016 0.3491666666666667 0.2551594746716698 0.35083333333333333 0.2707942464040025 0.3616666666666667 0.2845528455284553 0.36916666666666664 0.2858036272670419 0.37 0.26454033771106944 0.36333333333333334 0.2595372107567229 0.36583333333333334 0.25453408380237647 0.3566666666666667 0.25265791119449654
1 0.4841666666666667 0.7873671044402751 0.48 0.7936210131332082 0.47333333333333333 0.7954971857410882 0.48 0.8055034396497811 0.48583333333333334 0.801125703564728 0.49666666666666665 0.8017510944340213 0.5033333333333333 0.8036272670419012 0.5025 0.8123827392120075 0.5083333333333333 0.8161350844277674 0.5141666666666667 0.8142589118198874 0.5166666666666667 0.8055034396497811 0.5091666666666667 0.7967479674796748 0.5083333333333333 0.791119449656035
1 0.5983333333333334 0.5722326454033771 0.6033333333333334 0.5753595997498436 0.6016666666666667 0.5853658536585366 0.605 0.5884928080050031 0.605 0.5972482801751094 0.6108333333333333 0.6016260162601627 0.6066666666666667 0.6203877423389619 0.5983333333333334 0.6253908692933083 0.5966666666666667 0.6335209505941213 0.61 0.6360225140712945 0.6125 0.6391494684177611 0.62 0.6291432145090682 0.6208333333333333 0.6216385240775485 0.6266666666666667 0.6191369606003753 0.6266666666666667 0.6147592245153221 0.6183333333333333 0.6147592245153221 0.6125 0.608505315822389 0.6108333333333333 0.6035021888680425 0.6166666666666667 0.5984990619136961 0.6116666666666667 0.5916197623514696 0.6266666666666667 0.5778611632270169 0.6283333333333333 0.5609756097560976 0.6233333333333333 0.549718574108818 0.6166666666666667 0.5465916197623515 0.6125 0.5390869293308318 0.6075 0.5434646654158849
2 0.37 0.21388367729831145 0.37166666666666665 0.23702313946216386 0.3858333333333333 0.28205128205128205 0.44083333333333335 0.5078173858661663 0.45916666666666667 0.5716072545340838 0.4683333333333333 0.6191369606003753 0.48333333333333334 0.6572858036272671 0.5125 0.7723577235772358 0.5383333333333333 0.8223889931207005 0.5458333333333333 0.8280175109443402 0.5541666666666667 0.8286429018136335 0.5625 0.8211382113821138 0.5608333333333333 0.7617260787992496 0.54 0.6860537836147592 0.5258333333333334 0.6072545340838024 0.47583333333333333 0.41088180112570355 0.4766666666666667 0.399624765478424 0.49083333333333334 0.39337085678549094 0.4925 0.38711694809255787 0.4841666666666667 0.3538148843026892 0.48333333333333334 0.3170731707317073 0.4741666666666667 0.2689180737961226 0.46 0.23452157598499063 0.42583333333333334 0.21138211382113822 0.4141666666666667 0.1888680425265791 0.3925 0.2045028142589118