2 0.21610449735449735 0.34375 0.3316798941798942 0.27744708994708994
2 0.18237433862433863 0.511739417989418 0.3501984126984127 0.16038359788359788
2 0.7997685185185185 0.5125661375661376 0.351521164021164 0.17526455026455026
2 0.7650462962962963 0.6696428571428571 0.3316798941798942 0.27116402116402116
2 0.21296296296296297 0.7043650793650794 0.3253968253968254 0.2744708994708995
2 0.6683201058201058 0.759755291005291 0.24404761904761904 0.33895502645502645
2 0.3419312169312169 0.7721560846560847 0.20634920634920634 0.35383597883597884
2 0.4938822751322751 0.8035714285714286 0.21263227513227514 0.3505291005291005
2 0.5013227513227513 0.20667989417989419 0.20436507936507936 0.36044973544973546
2 0.6491402116402116 0.21825396825396826 0.2718253968253968 0.3637566137566138
2 0.3244047619047619 0.2594246031746032 0.2175925925925926 0.3402777777777778
2 0.7749669312169312 0.30241402116402116 0.3416005291005291 0.2443783068783069