2 0.4753637566137566 0.2553323412698413 0.22718253968253968 0.15848214285714285
2 0.7316468253968254 0.27393353174603174 0.29662698412698413 0.10143849206349206
2 0.4722222222222222 0.28509424603174605 0.23412698412698413 0.09399801587301587
2 0.22420634920634921 0.28521825396825395 0.2671957671957672 0.08928571428571429
2 0.7581018518518519 0.3373015873015873 0.33630952380952384 0.09424603174603174
2 0.23247354497354497 0.34226190476190477 0.2638888888888889 0.0744047619047619
2 0.7614087301587301 0.38566468253968256 0.31646825396825395 0.09672619047619048
2 0.4836309523809524 0.3869047619047619 0.24371693121693122 0.10416666666666667
2 0.2175925925925926 0.390625 0.30687830687830686 0.11160714285714286
2 0.5016534391534392 0.4489087301587302 0.29298941798941797 0.08928571428571429
2 0.7944775132275133 0.4513888888888889 0.3098544973544973 0.08928571428571429
2 0.2275132275132275 0.45262896825396826 0.3134920634920635 0.09176587301587301
2 0.48330026455026454 0.5096726190476191 0.32242063492063494 0.11656746031746032
2 0.7746362433862434 0.5096726190476191 0.2767857142857143 0.08680555555555555
2 0.21726190476190477 0.5133928571428571 0.3134920634920635 0.11904761904761904
2 0.5229828042328042 0.6039186507936508 0.3091931216931217 0.1314484126984127
2 0.1927910052910053 0.6063988095238095 0.33664021164021163 0.10664682539682539
2 0.8247354497354498 0.6101190476190477 0.3306878306878307 0.12400793650793651
2 0.8296957671957672 0.6832837301587301 0.3406084656084656 0.14136904761904762
2 0.5084325396825397 0.6857638888888888 0.2867063492063492 0.13640873015873015
2 0.18584656084656084 0.6882440476190477 0.32936507936507936 0.14136904761904762
2 0.23892195767195767 0.24169146825396826 0.2371031746031746 0.08159722222222222