2 0.4961933134723601 0.34757250945775536 0.1012909632571996 0.1465952080706179
2 0.85253227408143 0.35498108448928123 0.1684872558755379 0.10151324085750316
2 0.12760675273088382 0.3563997477931904 0.1618669314796425 0.10561160151324085
2 0.5945051307514069 0.3656998738965952 0.1476332340284674 0.12925598991172763
2 0.40284673949023503 0.3740542244640605 0.1396888447533929 0.1346153846153846
2 0.6256206554121152 0.45176544766708704 0.18007282356835486 0.10718789407313997
2 0.11089043363124793 0.46122320302648173 0.17345249917245945 0.1008827238335435
2 0.3689175769612711 0.4629571248423707 0.17113538563389605 0.10308953341740228
2 0.8674280039721947 0.47840479192938207 0.1684872558755379 0.09930643127364439
2 0.6112214498510427 0.5573770491803278 0.16252896391923205 0.1450189155107188
2 0.4043363124793115 0.5591109709962169 0.15127441244620987 0.14722572509457754
2 0.1234690499834492 0.5794451450189155 0.18007282356835486 0.11034047919293821
2 0.5044687189672294 0.5851197982345523 0.107911287653095 0.1677175283732661
2 0.8666004634227077 0.592686002522068 0.17676266137040714 0.13240857503152584
2 0.16898378020523006 0.6692938209331651 0.1817279046673287 0.12610340479192939
2 0.8176100628930818 0.6915195460277428 0.17676266137040714 0.1409205548549811
2 0.2333664349553128 0.7443253467843631 0.17014233697451175 0.15825977301387137
2 0.7623303541873552 0.7591424968474149 0.13373055279708707 0.17969735182849936
2 0.3204237007613373 0.7931904161412359 0.12711022840119166 0.18348045397225726
2 0.6648460774577954 0.807219419924338 0.12611717974180736 0.18757881462799494
2 0.43263819927176433 0.8157313997477932 0.10327706057596822 0.18442622950819673
2 0.5471698113207547 0.8191992433795713 0.11386957960940086 0.18505674653215637
2 0.41790797749089703 0.15636822194199243 0.09897384971863621 0.13934426229508196
2 0.5216815623965574 0.15699873896595207 0.0913604766633565 0.13556116015132408
2 0.6165177093677591 0.17102774274905422 0.11221449851042702 0.13398486759142497
2 0.3149619331347236 0.174968474148802 0.09235352532274081 0.14186633039092056
2 0.7078781860311155 0.20933165195460277 0.12942734193975505 0.12673392181588902
2 0.24048328368090036 0.21989281210592687 0.11883482290632241 0.1276796973518285
2 0.7912942734193975 0.2581967213114754 0.1519364448857994 0.10466582597730138
2 0.16898378020523006 0.27474779319041615 0.1420059582919563 0.12200504413619168