2 0.2244263862332696 0.6866449511400652 0.247131931166348 0.4221498371335505
2 0.5284416826003824 0.7159609120521173 0.18594646271510518 0.4938110749185668
2 0.36065965583174 0.7348534201954398 0.17351816443594648 0.50814332247557
2 0.5069311663479924 0.1465798045602606 0.10468451242829828 0.27231270358306187
2 0.6316921606118547 0.15374592833876222 0.14388145315487572 0.2501628664495114
2 0.4017686424474187 0.18110749185667752 0.1161567877629063 0.23973941368078175
2 0.3099904397705545 0.23778501628664495 0.16969407265774378 0.23061889250814332
2 0.7511950286806883 0.23843648208469057 0.2605162523900574 0.19804560260586318
2 0.21773422562141492 0.32638436482084693 0.21080305927342255 0.1472312703583062
2 0.8319789674952199 0.33745928338762216 0.3226577437858509 0.21368078175895766
2 0.18044933078393882 0.41107491856677525 0.24330783938814532 0.13159609120521173
2 0.7841778202676865 0.48338762214983716 0.33413001912045887 0.2814332247557003
2 0.1665869980879541 0.5237785016286645 0.30736137667304014 0.26840390879478826
2 0.7019598470363289 0.6488599348534202 0.3016252390057361 0.4169381107491857