2 0.6255262150784539 0.4493273542600897 0.13585916570991197 0.15695067264573992
2 0.2780329123612706 0.47533632286995514 0.16800612323000383 0.09641255605381166
2 0.6672407194795255 0.5302690582959642 0.17336394948335246 0.10538116591928251
2 0.23880597014925373 0.5737668161434978 0.18140068886337543 0.09820627802690583
2 0.6727898966704937 0.6345291479820628 0.17757367011098354 0.11210762331838565
2 0.26272483735170304 0.6995515695067265 0.2024492920015308 0.16591928251121077
2 0.6479142747799465 0.7426008968609865 0.18063528511289706 0.1515695067264574
2 0.3086490623804057 0.7780269058295964 0.17183314198239572 0.19282511210762332
2 0.5977803291236127 0.827354260089686 0.14542671259089168 0.22869955156950672
2 0.3907386146192116 0.8495515695067265 0.11940298507462686 0.24708520179372198
2 0.5153080750095675 0.8513452914798206 0.09758897818599312 0.24080717488789238
2 0.4282510524301569 0.3778026905829596 0.08572522005357826 0.21300448430493274
2 0.5409491006505932 0.38004484304932734 0.10065059318790662 0.19506726457399104
2 0.3379257558362036 0.39641255605381165 0.11634137007271336 0.16681614349775784