2 0.4363425925925926 0.31634424603174605 0.1378968253968254 0.05828373015873016
2 0.42592592592592593 0.03720238095238095 0.18783068783068782 0.0744047619047619
2 0.4305555555555556 0.43278769841269843 0.13955026455026456 0.05952380952380952
2 0.4264219576719577 0.5425347222222222 0.1378968253968254 0.06324404761904762
2 0.42576058201058203 0.6398809523809523 0.12533068783068782 0.0744047619047619
2 0.5681216931216931 0.7049851190476191 0.10052910052910052 0.07564484126984126
2 0.4426256613756614 0.7239583333333334 0.12665343915343916 0.07242063492063493
2 0.7179232804232805 0.7291666666666666 0.0582010582010582 0.07688492063492064
2 0.761739417989418 0.7335069444444444 0.05588624338624339 0.078125
2 0.6089616402116402 0.7700892857142857 0.0796957671957672 0.08928571428571429
2 0.6463293650793651 0.7728174603174603 0.0744047619047619 0.09226190476190477
2 0.2919973544973545 0.7839781746031746 0.09722222222222222 0.10615079365079365
2 0.33482142857142855 0.7854662698412699 0.09556878306878307 0.11656746031746032
2 0.39732142857142855 0.7955109126984127 0.07837301587301587 0.10788690476190477
2 0.44328703703703703 0.8077876984126984 0.09623015873015874 0.10664682539682539
2 0.40228174603174605 0.8995535714285714 0.10813492063492064 0.1314484126984127
2 0.45271164021164023 0.9099702380952381 0.1130952380952381 0.1314484126984127
2 0.41947751322751325 0.18204365079365079 0.16567460317460317 0.06398809523809523