2 0.8380467571644042 0.6280898876404495 0.29374057315233787 0.20449438202247192
2 0.4973604826546003 0.631685393258427 0.2850678733031674 0.20449438202247192
2 0.180052790346908 0.6420224719101124 0.2861990950226244 0.17842696629213484
2 0.8367269984917044 0.8752808988764045 0.2888386123680241 0.20449438202247192
2 0.49604072398190047 0.8849438202247191 0.28996983408748117 0.21662921348314607
2 0.17232277526395173 0.8865168539325843 0.2986425339366516 0.20898876404494382
2 0.4888763197586727 0.1404494382022472 0.27564102564102566 0.19101123595505617
2 0.16874057315233787 0.14606741573033707 0.29751131221719457 0.19325842696629214
2 0.8376696832579186 0.1546067415730337 0.2944947209653092 0.16719101123595506
2 0.49981146304675717 0.3867415730337079 0.278657616892911 0.19550561797752808
2 0.8427601809954751 0.3957303370786517 0.2956259426847662 0.17752808988764046
2 0.17043740573152338 0.40629213483146065 0.2986425339366516 0.16719101123595506