5 0.829063 0.533333 0.001875 0.010000
5 0.561875 0.557917 0.003750 0.012500
5 0.571875 0.570000 0.005000 0.005000
5 0.583750 0.576667 0.003750 0.005000
5 0.652187 0.531250 0.010625 0.002500
5 0.741875 0.520833 0.007500 0.003333
5 0.690000 0.576250 0.007500 0.010833
5 0.700000 0.588750 0.008750 0.004167
5 0.182500 0.609167 0.011250 0.003333
5 0.501250 0.607917 0.008750 0.004167
5 0.763750 0.552500 0.003750 0.010000
5 0.777188 0.551250 0.004375 0.005833
5 0.290000 0.648333 0.008750 0.011667
5 0.278125 0.652500 0.008750 0.005000
5 0.203125 0.367917 0.008750 0.007500
5 0.690000 0.557500 0.010000 0.005000
5 0.374062 0.627917 0.011875 0.004167
5 0.847500 0.578333 0.010000 0.008333
5 0.379375 0.580000 0.012500 0.006667
5 0.416563 0.563333 0.016875 0.005000
5 0.582500 0.540000 0.011250 0.006667
5 0.435312 0.612500 0.009375 0.006667
5 0.524062 0.549583 0.024375 0.004167
5 0.226250 0.652500 0.022500 0.005000
5 0.350000 0.577500 0.020000 0.020000
5 0.656250 0.580000 0.021250 0.016667
