1 0.12109375 0.69140625 0.096875 0.115625
1 0.87890625 0.66796875 0.1203125 0.1125
1 0.11171875 0.53359375 0.1078125 0.10625
1 0.8796875 0.52421875 0.10625 0.084375
1 0.134375 0.3890625 0.10625 0.0875
1 0.86796875 0.36640625 0.1078125 0.096875
1 0.16484375 0.25859375 0.10625 0.121875
1 0.82578125 0.2203125 0.0984375 0.1421875
1 0.50703125 0.91953125 0.05625 0.1609375
1 0.7015625 0.9171875 0.0671875 0.153125
1 0.2203125 0.15625 0.0890625 0.1375
1 0.75390625 0.13359375 0.0765625 0.1734375
1 0.6671875 0.10703125 0.06875 0.20625
1 0.28984375 0.103125 0.065625 0.1828125
1 0.5765625 0.0953125 0.0625 0.190625
1 0.49140625 0.09375 0.05625 0.16875
1 0.3953125 0.090625 0.0625 0.18125
1 0.33046875 0.9078125 0.0578125 0.184375
1 0.60546875 0.90625 0.05625 0.1734375
1 0.41953125 0.90625 0.05 0.1734375
1 0.78359375 0.890625 0.0796875 0.1515625
1 0.2359375 0.8890625 0.0671875 0.1828125
1 0.1609375 0.81953125 0.096875 0.165625
1 0.8375 0.80546875 0.1 0.16875
