1 0.4390625 0.96484375 0.059375 0.0359375
1 0.63828125 0.65 0.071875 0.0359375
1 0.49375 0.63828125 0.0875 0.0359375
1 0.63125 0.9578125 0.0875 0.0453125
1 0.48828125 0.58046875 0.06875 0.034375
1 0.61796875 0.5765625 0.0765625 0.040625
1 0.5 0.5109375 0.06875 0.0359375
1 0.55390625 0.4625 0.0671875 0.0359375
1 0.4703125 0.44609375 0.0671875 0.028125
1 0.4390625 0.34375 0.059375 0.040625
1 0.56953125 0.32109375 0.0890625 0.040625
1 0.55859375 0.2515625 0.09375 0.04375
1 0.5515625 0.13828125 0.090625 0.0484375
1 0.5796875 0.9 0.071875 0.0375
1 0.4421875 0.896875 0.084375 0.040625
1 0.6203125 0.83984375 0.084375 0.04375
1 0.4390625 0.83203125 0.090625 0.0453125
1 0.453125 0.7859375 0.075 0.0359375
1 0.5921875 0.7390625 0.059375 0.025
1 0.43359375 0.73203125 0.090625 0.03125
