1 0.96484375 0.4390625 0.0359375 0.059375
1 0.65 0.63828125 0.0359375 0.071875
1 0.63828125 0.49375 0.0359375 0.0875
1 0.9578125 0.63125 0.0453125 0.0859375
1 0.58046875 0.48828125 0.034375 0.06875
1 0.5765625 0.61796875 0.040625 0.0765625
1 0.5109375 0.5 0.0359375 0.06875
1 0.4625 0.55390625 0.0359375 0.0671875
1 0.44609375 0.4703125 0.028125 0.0671875
1 0.34375 0.4390625 0.040625 0.059375
1 0.32109375 0.56953125 0.040625 0.0890625
1 0.2515625 0.55859375 0.04375 0.09375
1 0.13828125 0.5515625 0.0484375 0.090625
1 0.9 0.5796875 0.0375 0.071875
1 0.896875 0.4421875 0.040625 0.084375
1 0.83984375 0.6203125 0.04375 0.084375
1 0.83203125 0.4390625 0.0453125 0.090625
1 0.7859375 0.453125 0.0359375 0.075
1 0.7390625 0.5921875 0.025 0.059375
1 0.73203125 0.43359375 0.03125 0.090625
