2 0.1661350345560872 0.4975562072336266 0.2631578947368421 0.14467253176930597
2 0.21557682083997873 0.6588465298142717 0.24720893141945774 0.19745845552297164
2 0.8423710792131844 0.6739980449657869 0.27804359383306754 0.17888563049853373
2 0.7434875066454014 0.7683284457478006 0.21212121212121213 0.20527859237536658
2 0.2942583732057416 0.7776148582600195 0.22381711855396066 0.2570869990224829
2 0.5552897395002658 0.8191593352883676 0.17384370015948963 0.2873900293255132
2 0.5090377458798512 0.16373411534701857 0.11749069643806485 0.21603128054740958
2 0.7376395534290271 0.1906158357771261 0.21105794790005317 0.21896383186705767
2 0.33944710260499733 0.20869990224828935 0.1695906432748538 0.21603128054740958
2 0.2134502923976608 0.2903225806451613 0.24082934609250398 0.17008797653958943
2 0.8444976076555024 0.31867057673509286 0.25890483785220625 0.18181818181818182
2 0.8724082934609251 0.4868035190615836 0.2551834130781499 0.14858260019550343