2 0.7303240740740741 0.3498677248677249 0.22056878306878308 0.18915343915343916
2 0.21478174603174602 0.35532407407407407 0.24173280423280424 0.13988095238095238
2 0.7647156084656085 0.43783068783068785 0.25496031746031744 0.14417989417989419
2 0.46742724867724866 0.49007936507936506 0.23842592592592593 0.12698412698412698
2 0.20171957671957672 0.49007936507936506 0.24537037037037038 0.13558201058201058
2 0.4935515873015873 0.5419973544973545 0.2509920634920635 0.1488095238095238
2 0.759755291005291 0.5730820105820106 0.25033068783068785 0.15674603174603174
2 0.2088293650793651 0.6160714285714286 0.24834656084656084 0.15211640211640212
2 0.7440476190476191 0.7020502645502645 0.2612433862433862 0.19642857142857142
2 0.23859126984126985 0.7136243386243386 0.230489417989418 0.21825396825396826
2 0.10796957671957672 0.7754629629629629 0.15707671957671956 0.26521164021164023
2 0.6889880952380952 0.7824074074074074 0.21726190476190477 0.25793650793650796
2 0.3209325396825397 0.7906746031746031 0.19014550264550265 0.2691798941798942
2 0.5864748677248677 0.8098544973544973 0.15376984126984128 0.2718253968253968
2 0.4429563492063492 0.814484126984127 0.144510582010582 0.2744708994708995
2 0.8060515873015873 0.8845899470899471 0.2794312169312169 0.16865079365079366
2 0.23131613756613756 0.16534391534391535 0.230489417989418 0.14285714285714285
2 0.5788690476190477 0.23082010582010581 0.13988095238095238 0.23148148148148148
2 0.45419973544973546 0.23809523809523808 0.13128306878306878 0.22883597883597884
2 0.34375 0.2533068783068783 0.1550925925925926 0.2222222222222222
2 0.8249007936507936 0.2585978835978836 0.13723544973544974 0.22486772486772486
2 0.6641865079365079 0.2777777777777778 0.17824074074074073 0.21957671957671956
2 0.2562830687830688 0.2881944444444444 0.20899470899470898 0.19477513227513227