2 0.3868843069873998 0.23319755600814665 0.06471935853379153 0.23014256619144602
2 0.7276632302405498 0.2545824847250509 0.08648339060710195 0.3054989816700611
2 0.43671248568155785 0.2556008146639511 0.06930126002290951 0.24236252545824846
2 0.7860824742268041 0.26578411405295316 0.0715922107674685 0.2668024439918534
2 0.5168957617411226 0.43380855397148677 0.07502863688430698 0.2525458248472505
2 0.38745704467353953 0.43584521384928715 0.1002290950744559 0.2769857433808554
2 0.5793241695303551 0.43686354378818737 0.08304696449026346 0.23014256619144602
2 0.45103092783505155 0.45621181262729127 0.07846506300114547 0.29327902240325865
2 0.7133447880870561 0.47963340122199594 0.0715922107674685 0.28716904276985744
2 0.6497709049255441 0.48574338085539714 0.07502863688430698 0.31160896130346233
2 0.7843642611683849 0.5112016293279023 0.08533791523482245 0.329938900203666
2 0.8548109965635738 0.5427698574338086 0.09335624284077892 0.34012219959266804
2 0.9252577319587629 0.5509164969450102 0.09221076746849943 0.34826883910386963
2 0.1884306987399771 0.6782077393075356 0.0882016036655212 0.3625254582484725
2 0.12285223367697594 0.7026476578411406 0.0979381443298969 0.35030549898167007
2 0.325028636884307 0.7138492871690427 0.09221076746849943 0.384928716904277
2 0.536368843069874 0.7158859470468432 0.07731958762886598 0.37678207739307534
2 0.26260022909507447 0.719959266802444 0.0979381443298969 0.38085539714867617
2 0.3989117983963345 0.7219959266802444 0.08419243986254296 0.37678207739307534
2 0.4670675830469645 0.7230142566191446 0.07617411225658649 0.3788187372708758
2 0.6096792668957618 0.7342158859470469 0.08419243986254296 0.38085539714867617
2 0.7637457044673539 0.7617107942973523 0.07502863688430698 0.3910386965376782
2 0.6892898052691867 0.7688391038696538 0.08533791523482245 0.36863543788187375