2 0.3681895573212259 0.4877815045519885 0.1467082860385925 0.13224724484906564
2 0.5645573212258796 0.5035936751317681 0.14330306469920545 0.1638715860086248
2 0.16075482406356414 0.5198850023957834 0.14727582292849034 0.12553905126976522
2 0.5512202043132803 0.5941542884523239 0.14727582292849034 0.14374700527072354
2 0.1669977298524404 0.6320076665069477 0.1506810442678774 0.14662194537613799
2 0.5273836549375709 0.6885481552467657 0.1427355278093076 0.22712026832774318
2 0.1877128263337117 0.7168183996166747 0.14330306469920545 0.18974604695735506
2 0.47517026106696936 0.7541926209870627 0.10641316685584563 0.23574508864398658
2 0.2362372304199773 0.7795879252515573 0.1177639046538025 0.2232870148538572
2 0.3593927355278093 0.7982750359367513 0.06782065834279229 0.25682798275035934
2 0.28646424517593644 0.812170579779588 0.09108967082860386 0.2846190704360326
2 0.43459137343927357 0.82319118351701 0.09790011350737798 0.2759942501197892
2 0.36790578887627695 0.18255869669381888 0.08030646992054484 0.21562050790608528
2 0.3125709421112372 0.18735026353617634 0.08087400681044268 0.22137038811691423
2 0.4215380249716232 0.18974604695735506 0.057037457434733256 0.22232870148538572
2 0.48566969353007944 0.21178725443219934 0.08200908059023837 0.19932918064206995
2 0.2561010215664018 0.2242453282223287 0.0837116912599319 0.21082894106372785
2 0.5217082860385925 0.270723526593196 0.10414301929625426 0.17920459990416868
2 0.21467082860385925 0.2759942501197892 0.11208853575482407 0.19932918064206995
2 0.556044267877412 0.3114518447532343 0.12514188422247446 0.14758025874460948
2 0.1732406356413167 0.3378054623862003 0.12911464245175935 0.1772879731672257
2 0.3589670828603859 0.3914710110206037 0.14074914869466515 0.10924772400574988
2 0.5600170261066969 0.4020124580737901 0.1387627695800227 0.15045519885002395
2 0.16387627695800228 0.42549113560134166 0.14216799091940976 0.1379971250598946