2 0.34598214285714285 0.3521825396825397 0.17708333333333334 0.13558201058201058
2 0.5276537698412699 0.35548941798941797 0.18526785714285715 0.1421957671957672
2 0.15811011904761904 0.3621031746031746 0.1728670634920635 0.11243386243386243
2 0.7042410714285714 0.3637566137566138 0.18874007936507936 0.13558201058201058
2 0.8898809523809523 0.3695436507936508 0.20287698412698413 0.13723544973544974
2 0.15438988095238096 0.4712301587301587 0.19270833333333334 0.13558201058201058
2 0.5270337301587301 0.4885912698412698 0.1840277777777778 0.14384920634920634
2 0.8911210317460317 0.501818783068783 0.19047619047619047 0.14384920634920634
2 0.34052579365079366 0.5026455026455027 0.17311507936507936 0.09259259259259259
2 0.7105654761904762 0.5076058201058201 0.19146825396825398 0.12896825396825398
2 0.15612599206349206 0.6167328042328042 0.1793154761904762 0.12235449735449735
2 0.32626488095238093 0.6241732804232805 0.18427579365079366 0.12400793650793651
2 0.5158730158730159 0.625 0.18898809523809523 0.1455026455026455
2 0.7093253968253969 0.6332671957671958 0.19146825396825398 0.15542328042328044
2 0.8928571428571429 0.6539351851851852 0.1840277777777778 0.11408730158730158
2 0.14186507936507936 0.7581018518518519 0.18998015873015872 0.1306216931216931
2 0.5231894841269841 0.7622354497354498 0.19370039682539683 0.15211640211640212
2 0.3244047619047619 0.7630621693121693 0.19295634920634921 0.13723544973544974
2 0.7110615079365079 0.7845568783068783 0.1949404761904762 0.12731481481481483
2 0.9108382936507936 0.7953042328042328 0.1783234126984127 0.11574074074074074
2 0.1338045634920635 0.8878968253968254 0.19171626984126985 0.1455026455026455
2 0.519469246031746 0.8984788359788359 0.20362103174603174 0.1765873015873016
2 0.32068452380952384 0.9077380952380952 0.18799603174603174 0.1421957671957672
2 0.7259424603174603 0.9110449735449735 0.1949404761904762 0.1488095238095238
2 0.9078621031746031 0.9216269841269841 0.18427579365079366 0.15674603174603174
2 0.5281498015873016 0.2166005291005291 0.17881944444444445 0.15211640211640212
2 0.16939484126984128 0.23148148148148148 0.17311507936507936 0.15211640211640212
2 0.36904761904761907 0.2347883597883598 0.2003968253968254 0.13227513227513227
2 0.6963045634920635 0.242228835978836 0.1902281746031746 0.1173941798941799
2 0.8742559523809523 0.242228835978836 0.19890873015873015 0.1207010582010582