2 0.7237103174603174 0.35119047619047616 0.10681216931216932 0.054563492063492064
2 0.5963955026455027 0.5389384920634921 0.05853174603174603 0.0818452380952381
2 0.7144510582010583 0.5577876984126984 0.09358465608465609 0.07192460317460317
2 0.6016865079365079 0.6592261904761905 0.06117724867724868 0.05952380952380952
2 0.6423611111111112 0.6612103174603174 0.06316137566137567 0.05654761904761905
2 0.18204365079365079 0.6817956349206349 0.08961640211640212 0.07589285714285714
2 0.09507275132275132 0.7140376984126984 0.08895502645502645 0.07093253968253968
2 0.2749669312169312 0.7182539682539683 0.11144179894179894 0.06944444444444445
2 0.7184193121693122 0.7242063492063492 0.0710978835978836 0.05654761904761905
2 0.5881283068783069 0.7470238095238095 0.07506613756613757 0.0744047619047619
2 0.6731150793650794 0.7514880952380952 0.04133597883597884 0.07043650793650794
2 0.18667328042328044 0.7542162698412699 0.12533068783068782 0.0818452380952381
2 0.08316798941798942 0.8013392857142857 0.16567460317460317 0.10664682539682539
2 0.3801256613756614 0.8107638888888888 0.09424603174603174 0.04513888888888889
2 0.3123346560846561 0.8425099206349206 0.12665343915343916 0.06299603174603174
2 0.2594246031746032 0.8856646825396826 0.12533068783068782 0.06101190476190476
2 0.13607804232804233 0.9439484126984127 0.21197089947089948 0.10615079365079365