0 0.12109375 0.30859375 0.096875 0.115625
0 0.87890625 0.33203125 0.1203125 0.1125
0 0.11171875 0.46640625 0.1078125 0.10625
0 0.8796875 0.47578125 0.10625 0.084375
0 0.134375 0.6109375 0.10625 0.0875
0 0.86796875 0.63359375 0.1078125 0.096875
0 0.16484375 0.74140625 0.10625 0.121875
0 0.82578125 0.7796875 0.0984375 0.1421875
0 0.50703125 0.08046875 0.05625 0.1609375
0 0.7015625 0.0828125 0.0671875 0.153125
0 0.2203125 0.84375 0.0890625 0.1375
0 0.75390625 0.86640625 0.0765625 0.1734375
0 0.6671875 0.89296875 0.06875 0.20625
0 0.28984375 0.896875 0.065625 0.1828125
0 0.5765625 0.9046875 0.0625 0.190625
0 0.49140625 0.90625 0.05625 0.16875
0 0.3953125 0.909375 0.0625 0.18125
0 0.33046875 0.0921875 0.0578125 0.184375
0 0.60546875 0.09375 0.05625 0.1734375
0 0.41953125 0.09375 0.05 0.1734375
0 0.78359375 0.109375 0.0796875 0.1515625
0 0.2359375 0.1109375 0.0671875 0.1828125
0 0.1609375 0.18046875 0.096875 0.165625
0 0.8375 0.19453125 0.1 0.16875