0 0.1609375 0.4640625 0.065625 0.3328125
0 0.9 0.55078125 0.075 0.315625
0 0.44453125 0.59609375 0.06875 0.325
0 0.67421875 0.60078125 0.06875 0.3171875
0 0.2171875 0.61328125 0.0671875 0.31875
0 0.7859375 0.64296875 0.0671875 0.3171875
0 0.61640625 0.6515625 0.071875 0.3375
0 0.27734375 0.65859375 0.065625 0.30625
0 0.10234375 0.66953125 0.0671875 0.3140625
0 0.5 0.72734375 0.0671875 0.315625
0 0.38671875 0.74609375 0.0671875 0.3296875
0 0.84140625 0.7609375 0.0671875 0.3421875
0 0.56015625 0.765625 0.065625 0.321875
0 0.33203125 0.78828125 0.0578125 0.2875