2 0.17328042328042328 0.43275154004106775 0.33134920634920634 0.14887063655030802
2 0.8210978835978836 0.5277207392197125 0.3578042328042328 0.2292950034223135
2 0.20535714285714285 0.6262833675564682 0.3029100529100529 0.2929500342231348
2 0.7638888888888888 0.6468172484599589 0.3287037037037037 0.24982888432580425
2 0.3019179894179894 0.7121834360027378 0.26521164021164023 0.34770704996577684
2 0.6096230158730159 0.7922655715263518 0.1722883597883598 0.38535249828884327
2 0.46064814814814814 0.7950034223134839 0.17328042328042328 0.3921971252566735
2 0.4150132275132275 0.16478439425051336 0.1164021164021164 0.3295687885010267
2 0.5319113756613757 0.17299794661190965 0.12797619047619047 0.3323066392881588
2 0.6863425925925926 0.22638603696098564 0.2013888888888889 0.25633127994524296
2 0.7723214285714286 0.30783709787816566 0.24966931216931218 0.25564681724845995
2 0.2199074074074074 0.3157084188911704 0.3253968253968254 0.1591375770020534