2 0.4398148148148148 0.2508680555555556 0.1335978835978836 0.08854166666666667
2 0.16468253968253968 0.26674107142857145 0.12037037037037036 0.14012896825396826
2 0.24404761904761904 0.2709573412698413 0.11375661375661375 0.14508928571428573
2 0.5353835978835979 0.27356150793650796 0.10449735449735449 0.08928571428571429
2 0.6096230158730159 0.28782242063492064 0.09292328042328042 0.08308531746031746
2 0.3126653439153439 0.30357142857142855 0.11871693121693122 0.10714285714285714
2 0.35400132275132273 0.31646825396825395 0.10218253968253968 0.09474206349206349
2 0.4399801587301587 0.33308531746031744 0.13525132275132276 0.10168650793650794
2 0.53125 0.35305059523809523 0.11276455026455026 0.08606150793650794
2 0.6144179894179894 0.3645833333333333 0.12367724867724868 0.08432539682539683
2 0.18121693121693122 0.38504464285714285 0.20634920634920634 0.10044642857142858
2 0.3406084656084656 0.3993055555555556 0.1765873015873016 0.10416666666666667
2 0.45849867724867727 0.4228670634920635 0.14252645502645503 0.09672619047619048
2 0.5362103174603174 0.42931547619047616 0.15906084656084657 0.08978174603174603
2 0.6213624338624338 0.4383680555555556 0.11772486772486772 0.078125
2 0.16203703703703703 0.482390873015873 0.16666666666666666 0.0992063492063492
2 0.26438492063492064 0.482390873015873 0.10482804232804233 0.08928571428571429
2 0.34325396825396826 0.5026041666666666 0.19642857142857142 0.08854166666666667
2 0.5796957671957672 0.5142609126984127 0.11706349206349206 0.08606150793650794
2 0.4791666666666667 0.5228174603174603 0.12103174603174603 0.08680555555555555
2 0.6651785714285714 0.5239335317460317 0.13921957671957672 0.06820436507936507
2 0.6307870370370371 0.5912698412698413 0.07572751322751323 0.06498015873015874
2 0.6922949735449735 0.5925099206349206 0.11607142857142858 0.0625
2 0.5750661375661376 0.5946180555555556 0.09457671957671958 0.06820436507936507
2 0.33035714285714285 0.5962301587301587 0.07671957671957672 0.07242063492063493
2 0.15873015873015872 0.6004464285714286 0.16666666666666666 0.09226190476190477
2 0.26273148148148145 0.6004464285714286 0.09490740740740741 0.06994047619047619
2 0.45634920634920634 0.6008184523809523 0.083994708994709 0.06572420634920635
2 0.3974867724867725 0.6009424603174603 0.09325396825396826 0.06696428571428571
2 0.5114087301587301 0.6009424603174603 0.07308201058201058 0.054563492063492064
2 0.714781746031746 0.6884920634920635 0.10615079365079365 0.06746031746031746
2 0.6324404761904762 0.7013888888888888 0.12863756613756613 0.062003968253968256
2 0.544808201058201 0.71875 0.09887566137566138 0.04712301587301587
2 0.4679232804232804 0.724578373015873 0.08068783068783068 0.05381944444444445
2 0.39203042328042326 0.7300347222222222 0.09887566137566138 0.056299603174603176
2 0.32407407407407407 0.744171626984127 0.11706349206349206 0.05828373015873016
2 0.20667989417989419 0.7534722222222222 0.1302910052910053 0.062003968253968256
2 0.7354497354497355 0.7814980158730159 0.12169312169312169 0.10218253968253968
2 0.15343915343915343 0.08754960317460317 0.1130952380952381 0.13392857142857142
2 0.6398809523809523 0.8757440476190477 0.21957671957671956 0.11706349206349206
2 0.19775132275132276 0.8794642857142857 0.2724867724867725 0.14434523809523808
2 0.5114087301587301 0.8948412698412699 0.1789021164021164 0.15625
2 0.3741732804232804 0.9233630952380952 0.24702380952380953 0.14384920634920634
2 0.2261904761904762 0.1029265873015873 0.09656084656084656 0.12152777777777778
2 0.2833994708994709 0.12648809523809523 0.09986772486772487 0.09424603174603174
2 0.34408068783068785 0.13516865079365079 0.07242063492063493 0.0744047619047619
2 0.4168320105820106 0.16927083333333334 0.13855820105820105 0.08804563492063493
2 0.19560185185185186 0.19122023809523808 0.18088624338624337 0.10962301587301587
2 0.5087632275132276 0.19754464285714285 0.11276455026455026 0.09102182539682539
2 0.5907738095238095 0.2197420634920635 0.10945767195767196 0.06746031746031746
2 0.3416005291005291 0.22110615079365079 0.12367724867724868 0.11830357142857142